                  Open        High         Low       Close     Volume  Dividends  Stock Splits
Date                                                                                          
1980-12-12    0.100326    0.100762    0.100326    0.100326  469033600       0.00           0.0
1980-12-15    0.095528    0.095528    0.095092    0.095092  175884800       0.00           0.0
1980-12-16    0.088548    0.088548    0.088112    0.088112  105728000       0.00           0.0
1980-12-17    0.090293    0.090729    0.090293    0.090293   86441600       0.00           0.0
1980-12-18    0.092911    0.093347    0.092911    0.092911   73449600       0.00           0.0
...                ...         ...         ...         ...        ...        ...           ...
2022-02-02  174.527647  175.656214  173.109456  175.616257   84914300       0.00           0.0
2022-02-03  174.257984  176.015754  171.900986  172.679993   89418100       0.00           0.0
2022-02-04  171.679993  174.100006  170.679993  172.389999   82391400       0.22           0.0
2022-02-07  172.860001  173.949997  170.949997  171.660004   77251200       0.00           0.0
2022-02-08  171.729996  175.350006  171.429993  174.830002   73340451       0.00           0.0

